aaaa:ZZZ1,3,5,7,9,11,13,15,17,19,21,23,25,27,29,31,33,35,37,39,41,43,45,47,49,51,53,55,57,59,61,63,65,67,69,71,73,75,77,79,81,83,85,87,89,91,93,95,97,99,101,103,105,107,109,111,113,115,117,119,121,123,125,127,129,131,133,135,137,139,141,143,145,147,149,151,153,155,157,159,161,163,165,167,169,171,173,175,177,179,181,183,185,187,189,191,193,195,197,199,201,203,205,207,209,211,213,215,217,219,221,223,225,227,229,231,233,235,237,239,241,243,245,247,249,251,253,255,257,259,261,263,265,267,269,271,273,275,277,279,281,283,285,287,289,291,293,295,297,299,301,303,305,307,309,311,313,315,317,319,321,323,325,327,329,331,333,335,337,339,341,343,345,347,349,351,353,355,357,359,361,363,365,367,369,371,373,375,377,379,381,383,385,387,389,391,393,395,397,399,401,403,405,407,409,411,413,415,417,419,421,423,425,427,429,431,433,435,437,439,441,443,445,447,449,451,453,455,457,459,461,463,465,467,469,471,473,475,477,479,481,483,485,487,489,491,493,495,497,499,501,503,505,507,509,511,513,515,517,519,521,523,525,527,529,531,533,535,537,539,541,543,545,547,549,551,553,555,557,559,561,563,565,567,569,571,573,575,577,579,581,583,585,587,589,591,593,595,597,599,601,603,605,607,609,611,613,615,617,619,621,623,625,627,629,631,633,635,637,639,641,643,645,647,649,651,653,655,657,659,661,663,665,667,669,671,673,675,677,679,681,683,685,687,689,691,693,695,697,699,701,703,705,707,709,711,713,715,717,719,721,723,725,727,729,731,733,735,737,739,741,743,745,747,749,751,753,755,757,759,761,763,765,767,769,771,773,775,777,779,781,783,785,787,789,791,793,795,797,799,801,803,805,807,809,811,813,815,817,819,821,823,825,827,829,831,833,835,837,839,841,843,845,847,849,851,853,855,857,859,861,863,865,867,869,871,873,875,877,879,881,883,885,887,889,891,893,895,897,899,901,903,905,907,909,911,913,915,917,919,921,923,925,927,929,931,933,935,937,939,941,943,945,947,949,951,953,955,957,959,961,963,965,967,969,971,973,975,977,979,981,983,985,987,989,991,993,995,997,999,1001,1003,1005,1007,1009,1011,1013,1015,1017,1019,1021,1023,1025,1027,1029,1031,1033,1035,1037,1039,1041,1043,1045,1047,1049,1051,1053,1055,1057,1059,1061,1063,1065,1067,1069,1071,1073,1075,1077,1079,1081,1083,1085,1087,1089,1091,1093,1095,1097,1099,1101,1103,1105,1107,1109,1111,1113,1115,1117,1119,1121,1123,1125,1127,1129,1131,1133,1135,1137,1139,1141,1143,1145,1147,1149,1151,1153,1155,1157,1159,1161,1163,1165,1167,1169,1171,1173,1175,1177,1179,1181,1183,1185,1187,1189,1191,1193,1195,1197,1199,1201,1203,1205,1207,1209,1211,1213,1215,1217,1219,1221,1223,1225,1227,1229,1231,1233,1235,1237,1239,1241,1243,1245,1247,1249,1251,1253,1255,1257,1259,1261,1263,1265,1267,1269,1271,1273,1275,1277,1279,1281,1283,1285,1287,1289,1291,1293,1295,1297,1299,1301,1303,1305,1307,1309,1311,1313,1315,1317,1319,1321,1323,1325,1327,1329,1331,1333,1335,1337,1339,1341,1343,1345,1347,1349,1351,1353,1355,1357,1359,1361,1363,1365,1367,1369,1371,1373,1375,1377,1379,1381,1383,1385,1387,1389,1391,1393,1395,1397,1399,1401,1403,1405,1407,1409,1411,1413,1415,1417,1419,1421,1423,1425,1427,1429,1431,1433,1435,1437,1439,1441,1443,1445,1447,1449,1451,1453,1455,1457,1459,1461,1463,1465,1467,1469,1471,1473,1475,1477,1479,1481,1483,1485,1487,1489,1491,1493,1495,1497,1499,1501,1503,1505,1507,1509,1511,1513,1515,1517,1519,1521,1523,1525,1527,1529,1531,1533,1535,1537,1539,1541,1543,1545,1547,1549,1551,1553,1555,1557,1559,1561,1563,1565,1567,1569,1571,1573,1575,1577,1579,1581,1583,1585,1587,1589,1591,1593,1595,1597,1599,1601,1603,1605,1607,1609,1611,1613,1615,1617,1619,1621,1623,1625,1627,1629,1631,1633,1635,1637,1639,1641,1643,1645,1647,1649,1651,1653,1655,1657,1659,1661,1663,1665,1667,1669,1671,1673,1675,1677,1679,1681,1683,1685,1687,1689,1691,1693,1695,1697,1699,1701,1703,1705,1707,1709,1711,1713,1715,1717,1719,1721,1723,1725,1727,1729,1731,1733,1735,1737,1739,1741,1743,1745,1747,1749,1751,1753,1755,1757,1759,1761,1763,1765,1767,1769,1771,1773,1775,1777,1779,1781,1783,1785,1787,1789,1791,1793,1795,1797,1799,1801,1803,1805,1807,1809,1811,1813,1815,1817,1819,1821,1823,1825,1827,1829,1831,1833,1835,1837,1839,1841,1843,1845,1847,1849,1851,1853,1855,1857,1859,1861,1863,1865,1867,1869,1871,1873,1875,1877,1879,1881,1883,1885,1887,1889
accelerated:TRY23
accumsan:LOR41,49,61,65,77,81,85,85,105,113,129,137,137,141,141,141,145,149,157,157,181,189,193,213,217,217,225,233,249,253,273,277,281,285,289,293,301,301,301,313,333,365,377,381,381,385,389
adipiscing:LOR1,149,153,173,233,261,393
aenean:LOR9,13,13,13,17,29,33,53,61,65,65,69,89,89,97,105,117,121,129,137,145,149,153,157,157,169,181,185,189,201,205,209,217,229,233,241,249,257,269,273,273,301,305,313,349,365
ahead:TRY33
aliquam:LOR17,25,29,41,57,65,65,73,77,77,85,89,89,93,101,109,121,125,133,133,137,137,141,161,165,169,173,173,185,189,189,209,213,217,225,225,225,225,233,241,241,253,257,265,265,265,269,277,281,281,289,297,301,301,305,321,321,325,333,337,345,345,349,357,361,365,365,369,377,381,381,389,397
aliquet:LOR5,9,21,25,29,29,33,53,133,149,173,197,209,229,229,229,229,233,233,237,249,253,265,273,285,297,297,301,305,317,333,345,357,361,397
also:TRY25
always:TRY33
amet:LOR1,9,9,9,9,17,21,29,29,41,41,41,41,41,45,45,45,45,53,61,69,69,73,77,81,81,85,85,93,93,93,101,109,109,113,121,125,125,141,141,149,149,149,153,153,165,165,169,173,173,173,173,177,181,185,185,185,189,189,197,201,209,209,209,213,217,221,221,225,233,233,245,249,249,261,261,265,265,273,277,281,285,289,289,293,313,313,313,317,329,333,333,337,341,341,341,341,341,345,349,353,353,353,357,357,357,361,365,365,373,373,377,381,385,389,389,393
ante:LOR1,5,13,37,37,37,61,61,69,69,69,73,81,85,101,109,109,113,117,125,133,137,145,145,157,177,181,189,197,201,221,225,229,253,253,253,265,281,285,289,289,297,297,297,305,309,317,321,329,333,337,349,349,353,357,361,361,361,365,365,377,377
approaches:TRY57
aptent:LOR109,109,125,225,297
arcu:LOR5,9,17,21,25,25,33,33,45,45,57,65,65,73,77,81,85,89,89,89,105,105,109,113,113,121,129,133,137,141,145,149,153,157,169,173,181,181,197,201,209,209,213,217,229,229,229,241,253,257,269,273,277,281,285,301,329,341,341,345,357,365,365,377,393,397
arise:TRY57
artifacts:TRY57
aside:TRY53
auctor:LOR1,1,5,5,5,9,21,25,25,33,41,45,69,73,85,89,109,109,117,117,125,125,129,129,129,133,141,149,157,161,165,173,173,177,185,197,201,205,217,217,221,225,225,245,253,265,265,265,293,293,297,301,301,305,309,313,337,341,357,357,361,381
augue:LOR1,5,5,33,37,57,65,77,81,85,93,93,97,101,109,129,133,133,141,145,157,161,169,173,181,185,197,201,209,213,225,229,233,241,245,245,269,273,281,285,285,297,329,329,329,353,373,373,385,397,397
bbbb:ZZZ1891,1893,1895,1897,1899,1901,1903
because:TRY23
best:TRY45,47,49,51
better:TRY31
between:TRY23,47
bibendum:LOR17,25,33,41,65,81,97,105,109,113,121,129,149,177,205,217,237,253,253,273,277,285,317,321,321,325,325,341,353,357,377,381,381
blandit:LOR5,9,29,33,41,61,65,73,81,81,89,105,105,121,145,149,165,181,185,197,225,241,265,277,281,285,297,301,305,365,373,377,389
both:TRY47,49,51
brief:TRY7
calculated:TRY13,25
camera:TRY25,41,45,49,53,55
cameras:TRY33,51,53
caused:TRY11
cccc:ZZZ1905,1907,1909,1911,1913,1915,1917,1919
class:LOR109,109,125,225,297
color:TRY51
coming:TRY33
commodo:LOR5,9,9,25,41,61,61,73,77,85,105,137,137,141,145,157,173,197,201,217,225,233,281,285,285,297,313,321,329,333,333,353,357,393
computer:TRY1,29,31
condimentum:LOR1,5,9,17,21,21,33,33,37,53,81,89,117,121,129,141,141,149,149,149,165,201,237,241,249,253,253,277,281,281,333,353,357,373,373,381,397
congue:LOR1,9,9,25,29,41,53,65,73,105,105,109,157,169,189,189,233,249,257,277,281,293,293,297,297,297,305,317,317,321,321,341,341,341,349,349,353,361,365,381,397
consectetur:LOR1,1,33,37,77,81,93,97,109,129,149,153,173,177,177,177,181,185,193,197,197,197,209,209,225,225,229,229,233,253,261,289,293,293,341,353,361,361,381,393
consequat:LOR5,13,25,33,41,61,85,85,85,93,101,101,105,105,125,149,169,185,189,197,197,197,205,205,205,209,221,241,253,257,269,277,277,289,289,289,297,305,309,321,337,341,349,357,361,389
consideration:TRY53
continuous:TRY33
conubia:LOR109,109,125,225,297
convallis:LOR5,13,29,29,33,45,61,61,77,81,85,105,113,125,141,153,157,169,181,189,205,217,221,237,241,249,257,265,265,281,317,317,333,333,345,345,365,365,365,373,393
cover:TRY13
covered:TRY13
cras:LOR5,73,77,93,109,117,121,137,141,141,169,189,189,193,209,209,233,249,257,261,273,281,313,321,333,341,353,353,357,369
crawled:TRY23
cubilia:LOR37,109,349
curabitur:LOR1,9,17,29,33,33,33,33,53,57,69,69,73,81,85,89,97,101,105,113,121,125,145,157,165,181,181,181,197,201,205,213,221,225,225,233,233,241,253,253,297,305,325,329,329,337,341,353,353,361,361,389
curae:LOR37,109,349
current:TRY9
cursus:LOR13,17,17,25,25,29,29,41,57,61,69,73,81,121,125,129,129,133,137,145,149,161,169,193,217,229,229,233,245,253,265,269,285,285,289,297,317,317,329,337,341,357,365,365,393
dapibus:LOR1,1,9,29,33,37,37,41,57,65,69,77,113,117,133,141,141,145,149,169,173,173,185,197,213,229,233,261,297,309,321,325,337,341,357,365
dddd:ZZZ1921,1923,1925,1927,1929,1931,1933,1935
deal:TRY57
description:TRY7
detect:TRY11
determine:TRY13,45,47,49,51,53
determining:TRY31
diam:LOR17,21,45,61,61,61,69,73,93,113,121,121,133,133,149,149,149,157,161,161,185,193,213,221,229,233,233,249,249,249,265,269,277,289,305,313,317,317,317,321,321,325,365,369,377,389
dictum:LOR29,33,33,41,41,41,61,69,73,105,109,113,141,145,145,149,149,149,157,173,177,177,197,205,205,217,217,261,261,273,273,289,293,293,297,301,301,301,301,313,313,317,317,325,325,325,353,369,381,381,389,389,397
dictumst:LOR1,41,173,257,313
difference:TRY11
dignissim:LOR9,25,29,33,49,57,73,73,81,85,85,89,93,97,101,105,109,125,129,137,141,145,153,173,181,181,185,193,197,201,201,213,213,217,217,221,225,225,229,245,253,265,285,293,297,313,313,313,357,369,381,385,393,393
disadvantage:TRY17,19
distance:TRY13,13,23,47
distances:TRY11
dolor:LOR1,13,21,25,29,33,41,45,49,61,73,81,85,89,89,89,101,113,117,129,149,149,153,153,157,169,173,177,181,185,189,197,197,209,209,213,229,229,229,229,233,257,261,261,277,281,281,293,297,317,321,325,333,337,353,353,357,357,369,385,393
done:TRY9
donec:LOR1,1,5,13,29,33,37,41,45,45,85,85,85,85,121,125,129,129,133,137,141,145,157,157,165,165,177,181,181,197,197,201,201,213,217,217,225,225,253,257,261,277,277,285,285,297,305,309,313,349,357,365,381,385,385,397,397
duis:LOR17,29,53,65,77,81,93,113,121,141,141,149,149,153,153,157,177,181,189,193,209,217,229,245,265,269,281,293,309,317,325,329,345,353,365,373,381
each:TRY47
easily:TRY51
eeee:ZZZ1937,1939,1941,1943,1945,1947,1949,1951
efficitur:LOR5,37,45,57,61,77,85,85,89,93,105,117,129,141,141,153,157,165,169,185,197,205,229,229,305,305,321,353,357,377,377,389,389,393,397,397
egestas:LOR5,9,13,17,29,37,37,37,49,69,89,93,93,97,97,101,105,113,129,169,185,189,201,205,205,225,229,229,229,237,237,249,257,265,269,301,305,317,321,325,353,357,377,377,385,385,385,389
eget:LOR5,13,25,25,33,33,37,37,41,41,41,45,53,61,65,69,69,73,73,73,77,77,81,85,85,89,89,97,109,109,113,113,117,121,121,121,121,129,129,137,137,141,149,149,153,153,181,197,197,201,205,209,213,217,221,221,221,225,229,229,229,229,233,237,241,245,253,257,261,261,261,265,273,277,289,293,293,297,297,301,309,309,313,317,317,329,329,329,333,341,345,345,349,353,357,357,357,357,361,361,365,369,373,373,377,389,389,397,397,397,397
eleifend:LOR1,1,5,5,33,45,49,53,65,69,73,77,93,93,117,141,149,157,185,185,201,225,229,241,261,269,301,305,313,317,329,337,357,385
elementum:LOR1,17,17,25,29,33,41,45,53,65,65,73,89,89,93,93,105,113,121,133,153,157,161,185,189,197,205,217,265,297,305,313,321,333,337,361,365
elit:LOR1,9,21,21,21,25,25,33,61,61,61,65,65,69,69,69,81,85,97,105,125,137,137,137,141,141,141,145,149,153,153,157,169,169,173,173,173,185,185,201,205,205,209,217,221,225,229,233,233,237,237,241,245,249,249,249,257,261,269,269,277,277,285,301,301,305,313,313,317,321,321,325,337,337,341,357,365,381,381,393,393,393
enim:LOR5,5,13,33,37,65,69,81,85,89,89,93,93,97,97,105,105,125,141,153,181,209,217,221,233,257,261,277,277,289,293,297,333,341,345,353,357,361,369,381,381,385,389,389,397
erat:LOR1,1,5,9,21,33,37,37,41,45,45,53,65,69,73,85,85,85,85,105,113,113,121,129,137,137,149,149,153,169,173,173,193,197,197,205,209,209,209,225,229,229,241,253,265,289,289,289,301,305,309,309,325,329,341,353,361,361,373,377,381,389
eros:LOR1,9,29,33,41,49,49,53,77,77,85,89,93,105,109,113,113,129,129,141,145,145,149,153,153,165,169,173,185,201,213,213,217,217,217,225,249,253,273,273,273,277,289,293,297,301,301,309,313,321,329,329,333,353,353,361,373,377,393
estimations:TRY23
estoyrepetida:TES1,1,1,1,1,1,1,1,1,1,1,1,1,1
etiam:LOR1,17,33,65,85,101,109,129,137,141,145,173,185,193,205,209,213,261,289,301,305,305,313,329,337,341,377,397
euismod:LOR9,13,13,17,65,73,93,121,129,137,137,141,149,173,181,193,197,205,213,225,241,241,245,245,265,269,277,281,317,321,337,341,353,357,369,385
even:TRY33
example:TRY23
facilisi:LOR89,93,129,161,245,261,277,285,329,353,365,373
facilisis:LOR5,9,29,29,33,49,53,61,65,73,81,89,113,113,133,145,157,181,181,185,193,201,201,217,217,221,229,237,261,261,285,289,289,305,313,321,329,329,329,341,345,357,357,389
fames:LOR97,97,101,177,189,197,201,237,269,301,377,377,385
faucibus:LOR5,5,29,37,49,57,77,81,93,101,109,109,109,113,121,121,129,129,141,149,165,177,185,189,189,189,197,201,205,249,253,277,277,309,329,349,377,381,381,393
felis:LOR1,5,13,17,25,29,37,41,41,53,57,61,65,73,85,85,93,105,109,129,133,141,141,165,165,181,201,225,237,249,249,253,269,281,281,285,289,317,329,329,337,353,353,361,365,369,377,381,389,397
fermentum:LOR9,9,17,33,53,53,57,61,73,73,77,89,89,101,101,109,121,137,145,145,149,149,157,173,177,189,197,197,197,201,209,209,229,229,229,237,237,253,257,269,269,277,297,297,313,321,329,329,333,337,341,365,369,397,397
feugiat:LOR33,33,37,37,49,65,69,89,101,117,129,145,161,169,173,197,205,221,225,233,233,249,253,257,265,265,269,277,285,285,325,329,345,357,361,365,381,385
ffff:ZZZ1953,1955,1957,1959,1961,1963,1965,1967
find:TRY41
finibus:LOR9,25,41,45,65,73,101,109,117,121,137,145,153,181,181,189,189,189,193,197,205,213,213,217,225,241,257,285,289,297,305,333,365,365,377,381,381
form:TRY11
framerate:TRY55,57
frequency:TRY57
fringilla:LOR5,37,45,45,49,49,61,61,69,73,113,117,117,137,137,137,141,157,157,157,185,189,197,201,209,213,217,221,225,245,265,277,289,289,293,293,309,317,321,329,329,349,361,361,369,381,381
fusce:LOR5,9,57,69,85,113,145,145,145,153,189,201,205,217,225,225,229,233,257,257,257,265,289,301,305,337,341,349,373,381,393,393
gggg:ZZZ1969,1971,1973,1975,1977,1979,1981,1983
gravida:LOR1,9,17,21,29,45,65,77,101,109,117,121,125,129,141,157,173,201,201,209,209,213,217,217,249,257,281,285,285,297,337,341,345,361,369,393,397
habitant:LOR97,97,101,201,237,269,301,377,385
habitasse:LOR1,41,173,257,313
help:TRY9
hendrerit:LOR33,37,37,41,45,49,61,61,69,81,93,105,113,121,129,129,133,133,137,137,141,157,161,173,177,185,189,189,197,213,217,221,229,241,245,249,249,257,261,261,277,281,285,329,349,353,361,361,369,369,373,389
hhhh:ZZZ1985,1987,1989,1991,1993,1995,1997,1999
high:TRY21,45,47,49,51,53
higher:TRY25
himenaeos:LOR109,109,125,225,297
hola:TES1,1
honours:TRY3,39
hyperloop:TRY9,11,45
iaculis:LOR1,1,9,13,13,25,69,77,77,81,81,85,85,93,93,109,117,117,121,141,149,149,181,193,205,225,237,237,253,253,257,273,297,297,297,301,317,321,329,329,345,353,373,373,373,377,381,381
iiii:ZZZ2001,2003,2005,2007,2009,2011,2013,2015
imperdiet:LOR1,21,45,49,53,53,57,61,61,61,69,73,77,81,121,129,129,133,137,149,153,157,173,177,177,193,201,217,221,233,233,237,245,245,249,249,269,285,285,317,321,337,337,337,341,381
inaccurate:TRY23
inceptos:LOR109,109,125,225,297
informatics:TRY3
infrequent:TRY23
inside:TRY11
integer:LOR5,5,5,17,21,21,25,25,69,69,81,81,93,149,153,157,157,173,177,193,205,217,249,253,265,297,317,333,333,349,357,365,381,389
intensity:TRY11
interdum:LOR9,29,29,45,57,61,69,77,81,81,97,109,117,133,141,153,165,169,177,177,181,189,197,205,209,209,229,233,241,241,253,253,257,257,273,277,313,317,317,325,325,333,341,341,377,381,385,397
into:TRY53
ipsum:LOR1,5,9,21,29,37,73,77,81,89,97,101,105,109,109,117,121,125,141,141,149,149,153,153,153,173,177,189,197,213,217,221,229,229,229,233,237,237,249,257,261,261,277,281,281,285,285,285,285,297,301,313,321,329,337,341,349,361,369,377,377,377,381,381,393,393
jjjj:ZZZ2017,2019,2021,2023,2025,2027,2029,2031
justo:LOR5,9,9,37,45,57,61,65,69,81,85,93,97,109,121,121,125,125,145,149,153,157,161,169,185,189,189,189,193,197,197,209,217,237,237,249,249,253,253,265,277,301,305,317,321,321,329,329,333,337,337,353,357,357,357,357,361,373,381,385,393
keyence:TRY9,25
kind:TRY45
kkkk:ZZZ2033,2035,2037,2039,2041,2043,2045,2047
know:TRY19
known:TRY11
lacinia:LOR1,33,57,77,97,97,101,117,141,141,173,197,201,209,213,229,233,241,289,309,325,337,345,353,357,361,365
lacus:LOR9,25,25,29,29,37,37,37,49,65,65,69,89,101,141,141,145,153,157,157,161,177,181,185,189,197,205,213,213,225,225,225,225,225,229,241,269,281,289,289,293,293,297,297,321,329,357,357,373,389
laoreet:LOR1,13,13,17,17,21,25,37,41,45,45,65,69,73,73,93,105,117,117,121,125,129,129,137,137,153,157,189,209,233,249,257,281,297,301,305,313,313,313,321,333,353,373,397
least:TRY33
lectus:LOR1,5,9,13,25,29,29,29,41,57,65,69,69,73,81,81,101,101,105,109,121,121,121,125,129,133,141,153,157,173,193,217,217,217,221,225,225,241,249,249,253,257,277,285,289,289,297,301,317,321,325,329,329,333,337,341,341,341,357,361,361,389,389
libero:LOR1,9,13,37,37,41,49,61,61,65,65,81,85,93,101,105,129,133,145,149,153,153,157,169,189,197,209,233,233,237,241,245,257,261,265,325,337,349,353,381,381,381,389
light:TRY11
ligula:LOR5,9,9,17,37,41,41,45,77,85,89,97,101,121,121,125,129,137,141,173,177,177,189,193,193,197,201,217,217,217,221,225,225,229,233,241,249,253,273,297,297,313,317,321,321,337,345,349,349,353,353,353,381,397
litora:LOR109,109,125,225,297
llll:ZZZ2049,2051,2053,2055,2057,2059,2061,2063
lobortis:LOR1,9,13,13,57,73,81,97,113,117,117,137,141,145,157,157,169,177,213,217,229,229,229,229,233,237,261,277,289,289,289,297,301,309,317,321,321,329,341,357,361,365,381,381,397,397
lorem:LOR1,1,1,5,9,17,21,21,25,33,57,69,81,81,85,113,121,125,137,141,149,153,157,161,169,173,173,177,181,185,185,189,193,197,197,197,201,213,217,217,229,233,233,245,261,265,301,301,305,317,317,341,357,373,381,381,389,389,393,397
luctus:LOR5,37,37,37,65,69,69,73,85,89,93,97,101,101,109,129,137,185,185,201,205,205,217,221,221,229,249,285,293,297,297,301,309,317,349,353,357,357,381,389
machine:TRY41
made:TRY51
maecenas:LOR41,53,61,61,65,105,105,117,129,133,133,137,149,153,165,169,169,173,173,177,177,209,209,225,225,245,249,281,281,285,309,309,321,341,345,353,357,365,373,373,397,397
magna:LOR5,9,9,9,13,13,29,33,33,49,61,69,73,77,89,93,93,101,105,105,109,117,121,121,133,137,137,149,157,181,193,197,209,229,237,249,269,293,293,297,305,309,317,321,345,349,365,369,373,381
magnis:LOR5,25,197,229,325,341,349,373
main:TRY19
malesuada:LOR5,29,57,65,85,85,89,89,97,97,101,101,109,109,137,137,141,149,149,169,177,189,193,193,197,201,205,213,237,237,245,249,253,269,285,301,301,313,329,341,365,377,377,377,381,385,389
massa:LOR1,5,13,17,29,33,37,41,41,49,57,61,65,69,85,89,89,121,121,165,217,225,225,229,237,237,241,245,249,277,281,285,293,313,313,313,333,333,333,357,357,357,369,373,377,381,381
master:TRY3,39
material:TRY51
mattis:LOR1,33,33,37,45,57,77,101,121,121,129,133,133,141,145,153,153,157,157,173,181,193,213,217,217,217,241,249,253,253,253,269,293,309,317,317,321,365,373,373,381
mauris:LOR1,5,9,13,17,29,33,33,37,37,41,45,57,57,73,77,85,89,93,105,105,105,109,113,117,117,117,121,121,129,133,141,141,153,157,173,181,185,193,197,197,209,209,217,221,225,233,233,237,241,245,249,253,257,257,261,265,269,285,293,293,297,297,301,301,309,313,317,321,321,329,333,337,353,353,361,365,365,369,369,381,381,393,393,393,397
maximus:LOR5,21,21,29,37,41,45,61,65,69,81,89,89,101,109,121,145,153,157,173,181,189,193,205,213,229,237,253,257,265,277,301,305,309,313,317,317,321,341,357,365,365,389
measuring:TRY9
methods:TRY9
metus:LOR13,13,17,21,33,53,57,61,61,65,65,69,69,73,85,85,93,93,93,97,97,101,121,129,129,129,133,157,169,169,177,181,185,189,193,197,197,213,241,241,245,249,265,285,297,305,313,321,321,325,325,341,345,357,365,365,365,373,389,393
mmmm:ZZZ2065,2067,2069,2071,2073,2075,2077,2079
molestie:LOR5,5,17,17,21,29,81,93,105,113,129,145,157,185,185,197,221,225,245,245,253,257,265,285,297,297,305,309,309,341,353,357,357,373,385
mollis:LOR21,25,37,53,81,85,89,89,105,125,157,161,169,181,181,181,193,197,201,209,209,221,237,237,257,261,269,281,293,297,305,313,337,341,349,353,357,365,369,369,373,389
montes:LOR5,25,197,229,325,341,349,373
morbi:LOR5,25,33,37,49,49,57,77,77,93,97,97,101,109,121,121,129,161,165,177,185,189,201,205,225,229,237,237,269,301,301,317,325,329,333,337,345,349,353,357,373,377,381,381,385,385,389
most:TRY23
mounted:TRY9,33
move:TRY53
moving:TRY57
nascetur:LOR5,25,197,229,325,341,349,373
natoque:LOR5,25,197,229,325,341,349,373
navigation:TRY1
neque:LOR5,9,21,25,25,25,33,37,41,41,41,49,53,77,77,81,93,93,109,117,121,121,133,137,137,149,149,169,169,173,177,181,185,189,197,205,209,229,229,237,241,253,253,257,257,281,281,289,293,293,301,305,329,337,341,345,353,369,369,373,389,393
netus:LOR97,97,101,201,237,269,301,377,385
next:TRY19
nibh:LOR1,5,21,29,33,33,33,37,41,45,45,61,69,69,69,77,77,89,93,93,93,97,101,101,121,125,125,137,141,141,153,173,177,181,181,185,189,193,201,201,205,209,217,221,229,229,241,245,249,257,257,265,273,277,285,289,297,301,313,313,313,313,321,341,349,365,369,373,377,381,381,385,385,389,389,389,393
nisi:LOR1,13,29,37,41,49,49,53,61,65,81,81,89,97,101,101,109,109,117,117,129,145,145,149,149,157,157,161,177,177,181,189,193,193,197,197,201,209,217,225,229,253,253,269,277,301,305,309,313,313,317,321,329,337,341,341,341,345,349,397
nisl:LOR25,29,33,45,49,53,57,73,73,73,93,93,105,109,117,117,117,129,133,137,137,141,149,169,169,173,181,181,193,193,197,197,213,213,217,225,241,241,249,269,281,297,317,325,333,353,353,357,357,365,385,397
nnnn:ZZZ2081,2083,2085,2087,2089,2091,2093,2095
nostra:LOR109,109,125,225,297
nulla:LOR5,9,17,25,29,37,37,41,41,41,45,45,49,57,65,65,69,69,73,77,81,81,85,85,89,89,93,93,97,109,113,121,129,129,133,133,137,137,141,145,149,153,157,161,165,165,173,185,189,197,201,205,205,209,209,217,217,217,221,229,229,229,245,249,253,253,261,265,265,265,273,277,277,285,293,293,297,297,301,301,309,313,313,313,329,329,345,349,353,365,365,365,373,373,389
nullam:LOR13,21,21,21,41,45,45,61,77,117,125,153,153,153,157,169,181,197,217,221,225,229,229,237,269,285,297,297,321,345,349,353,357,357,361,377,393,397,397,397
number:TRY13
nunc:LOR1,1,5,13,17,17,17,25,29,33,33,37,37,41,45,45,45,49,53,61,69,73,77,77,81,81,85,85,89,97,101,105,105,109,109,109,117,117,117,117,121,125,129,129,137,137,137,149,149,157,157,157,157,161,169,169,177,181,189,193,197,209,209,213,221,225,229,229,237,241,241,245,249,253,253,253,257,261,265,265,269,269,281,285,289,293,297,313,313,313,313,317,317,321,329,333,337,341,357,357,361,369,373,377,377,381,385,389
odio:LOR29,33,41,41,41,45,45,53,53,57,57,69,73,73,81,81,81,89,93,101,105,105,105,129,133,141,141,149,153,173,181,189,201,209,217,221,229,233,237,245,249,249,273,273,277,281,285,313,313,317,329,329,341,341,357,357,361,361,365,373,385
oooo:ZZZ2097,2099,2101,2103,2105,2107,2109,2111
orci:LOR5,13,25,37,37,61,73,73,89,93,97,101,109,109,117,137,149,153,169,173,177,177,177,181,189,197,201,205,209,217,217,217,229,229,229,245,249,257,261,265,265,265,269,277,301,305,317,317,317,321,321,325,325,333,333,341,345,349,349,349,357,369,373,381
ornare:LOR9,37,37,49,77,81,85,89,97,105,109,109,129,145,153,157,177,181,181,181,193,201,201,217,217,221,221,225,237,277,277,289,301,301,305,313,345,365,377,381
parturient:LOR5,25,197,229,325,341,349,373
pattern:TRY45
pellentesque:LOR1,1,9,9,21,21,29,37,37,41,41,49,57,57,65,65,69,69,73,73,73,81,97,97,101,105,109,109,113,113,117,125,129,133,137,141,149,157,165,169,173,181,197,197,197,201,201,209,213,213,217,221,225,229,229,229,237,241,249,249,265,265,269,273,277,281,281,285,285,293,293,293,301,301,301,313,317,317,317,325,337,341,341,341,345,353,357,357,361,365,373,373,377,381,385,385,385,397,397
penatibus:LOR5,25,197,229,325,341,349,373
pharetra:LOR1,5,61,65,65,89,93,125,133,133,137,141,153,181,185,209,217,229,233,233,241,249,257,273,281,289,297,301,305,313,317,317,329,349,373,377,377
phasellus:LOR81,93,93,93,101,101,101,117,133,137,141,157,189,217,237,245,265,273,293,297,301,305,309,313,321,325,325,329,333,337,337,353,361,369,377,381,389,393
photoelectric:TRY9,17,19
picked:TRY45,49,51
placed:TRY11,53
placerat:LOR13,17,17,41,45,65,77,85,105,105,113,121,129,133,137,137,137,153,153,165,169,177,181,197,201,201,233,245,245,253,257,265,269,269,297,305,305,313,313,321,329,333,333,337,357,357,357,357,361,365,369,369,393,397
platea:LOR1,41,173,257,313
porta:LOR29,33,33,65,81,89,89,101,117,137,137,141,157,157,169,173,173,181,185,193,201,213,213,221,249,281,281,289,305,305,313,317,325,341,341,365,369
porttitor:LOR9,13,25,33,41,41,45,45,49,81,81,85,89,89,89,93,93,105,105,105,109,141,173,193,197,217,229,237,241,249,257,273,273,281,281,281,285,285,289,301,353,361,365,369,389,389
position:TRY33,53
possible:TRY55
posuere:LOR29,29,37,41,57,65,89,109,133,137,137,141,149,157,161,181,217,241,273,285,301,305,317,317,349,357,357,373,373,377,377,381,393,397
potenti:LOR13,45,57,229,341
pppp:ZZZ2113,2115,2117,2119,2121,2123,2125,2127
praesent:LOR1,9,61,61,69,101,113,125,173,189,197,209,237,249,257,265,277,289,297,301,321,365,365,369,373,381,393,397
pretium:LOR1,5,5,9,13,41,73,77,81,85,101,105,105,109,113,113,121,121,129,133,145,149,149,153,157,185,197,197,197,197,209,209,209,209,217,249,257,273,285,301,325,341,349,389,393,393
primis:LOR37,109,177,189,197,349,377
problematic:TRY21
proin:LOR21,61,81,93,97,105,105,113,117,177,181,185,193,221,233,249,253,273,285,289,293,301,305,313,313,333,341,341,341,345,353,353,357,373,381,389
project:TRY3
proposal:TRY3
providing:TRY33
pulse:TRY19
pulses:TRY11,13,21
pulvinar:LOR13,69,73,77,85,89,93,93,93,121,121,125,141,181,189,205,217,221,225,225,233,233,249,249,253,253,265,265,273,289,321,329,353,353,365,369,369
purus:LOR5,9,9,25,29,33,45,45,53,77,93,101,105,109,113,121,133,133,149,153,165,173,185,217,217,221,225,225,229,233,245,245,253,265,265,269,277,277,289,297,313,321,333,353,377,381,385,389,393,397
qqqq:ZZZ2129,2131,2133,2135,2137,2139,2141,2143
quam:LOR9,65,85,85,93,93,105,109,113,117,129,129,141,153,153,153,165,177,181,181,189,197,201,205,217,237,237,237,245,245,253,257,261,269,281,289,289,297,301,301,301,309,309,313,317,329,349,353,357,357,365,365,369,385,397,397,397
quis:LOR1,5,5,9,9,9,13,13,17,21,21,25,33,33,37,37,37,41,57,61,61,65,65,73,77,85,89,93,101,101,105,105,109,113,117,117,117,117,117,121,121,129,129,129,133,141,145,149,149,153,157,165,173,177,177,185,189,189,197,197,197,201,205,209,213,217,221,225,225,225,229,233,233,237,237,241,241,245,245,249,249,253,257,269,269,273,285,297,305,309,313,313,313,317,321,321,321,337,341,341,341,345,353,353,353,357,357,365,365,373,373,381,381,389,397
quisque:LOR17,25,25,37,41,45,69,73,89,93,97,97,105,109,117,121,125,141,185,193,197,201,229,273,277,321,321,325,333,333,341,357,357,365,373,381,389,389,397
rapidly:TRY23
read:TRY19
readouts:TRY33
real:TRY25
recorded:TRY13
reflective:TRY11
research:TRY39
resistance:TRY53
rhoncus:LOR1,1,1,9,9,29,33,37,49,65,69,69,69,85,93,93,93,113,125,137,141,141,149,153,197,209,209,213,217,221,237,245,249,261,261,265,285,297,313,321,321,329,345,349,353,369,369
ridiculus:LOR5,25,197,229,325,341,349,373
risus:LOR5,17,17,33,41,45,69,77,81,81,85,85,85,85,89,89,89,93,101,105,117,125,137,141,153,157,161,165,165,173,193,201,201,209,217,225,233,237,249,253,261,261,269,273,281,281,285,285,313,317,333,341,353,357,357,365,369,381,397
rrrr:ZZZ2145,2147,2149,2151,2153
rutrum:LOR5,9,9,17,33,33,49,65,69,81,93,105,121,121,133,141,149,149,181,185,197,197,205,209,209,213,217,229,229,233,269,273,281,285,289,321,321,333,349,377,381,397
sagittis:LOR13,21,37,45,45,61,61,65,69,105,117,121,133,133,145,169,185,201,217,233,249,253,269,301,301,313,333,337,345,357,357,385,385,397
sapien:LOR5,17,37,37,77,81,85,97,105,105,109,113,117,121,121,125,125,129,145,149,157,169,185,185,193,197,197,201,201,209,217,217,245,245,245,253,281,293,305,313,321,329,333,341,345,365,373,381
scelerisque:LOR1,17,21,49,53,69,81,81,85,113,121,125,137,149,157,161,173,177,189,197,221,229,241,245,253,257,273,273,273,281,289,301,305,305,313,317,321,325,329,345,349,353,357,365,369,373,373,377,381,393
semper:LOR5,17,17,21,33,69,69,77,89,89,97,101,101,117,121,125,129,129,137,173,173,177,201,221,233,245,253,297,301,305,305,313,321,341,341,365,373,389
senectus:LOR97,97,101,201,237,269,301,377,385
sensors:TRY9,11,17,19,21
shell:TRY9,33,53
should:TRY53
side:TRY9
size:TRY49
skip:TRY21
slow:TRY21
sociosqu:LOR109,109,125,225,297
sodales:LOR5,17,45,61,81,81,85,101,117,133,157,161,181,201,289,293,301,329,329,333,337,349,353,361,361,365,373,385,385,397
sollicitudin:LOR9,53,53,57,61,65,77,81,89,105,109,149,153,169,169,173,173,181,193,197,217,225,245,249,257,273,281,281,285,297,313,313,317,329,341,349,353,373,381,385,397
solution:TRY31
some:TRY21
speed:TRY9,21,21,25,31,45,47,49,51,53
speeds:TRY33
ssss:ZZZ2155,2157,2159,2161,2163,2165,2167,2169
stopped:TRY25
stripe:TRY33,33
stripes:TRY11,23,45,47,49,51,57
student:TRY39
such:TRY13
suitable:TRY41
surpasses:TRY57
suscipit:LOR5,41,61,65,69,81,105,109,117,137,137,157,169,173,181,193,217,229,229,233,237,241,241,245,249,257,281,281,285,297,333,361,365,381,389,397
suspendisse:LOR5,13,25,33,41,45,49,57,61,73,77,77,105,109,117,133,149,169,189,193,205,221,225,229,269,285,301,313,329,341,357,361,389
taciti:LOR109,109,125,225,297
take:TRY53
taken:TRY13
tell:TRY25
tellus:LOR5,9,13,17,21,25,33,33,33,61,61,61,65,69,69,73,73,77,81,89,93,97,97,97,101,105,117,121,121,133,181,201,205,209,217,229,229,237,241,249,249,257,261,273,277,297,297,317,321,333,341,349,353,365,381,389,397
tempor:LOR1,9,21,57,81,85,97,101,105,113,121,125,133,137,145,157,161,177,225,225,229,257,269,293,293,297,305,321,341,345,349,361,365,373,377,381
tempus:LOR1,1,13,29,33,33,65,69,77,81,93,105,141,165,177,181,193,193,193,205,209,217,241,249,253,265,297,317,321,329,333,333,341,357,373,377,389,393,397
than:TRY25
that:TRY19,47,49,51,51,53,57
then:TRY13,23
these:TRY11
they:TRY51
this:TRY21,23
time:TRY13
tincidunt:LOR5,9,17,25,25,33,37,37,37,41,41,45,49,69,77,77,81,81,85,89,97,101,101,109,113,117,121,121,121,125,129,137,137,141,141,149,153,157,161,165,169,169,169,169,189,189,197,205,209,213,217,217,225,225,241,241,241,245,249,257,265,269,273,273,285,297,297,309,313,329,329,333,341,345,349,361,369,373,373,381,381,381,385,397,397
together:TRY13
torquent:LOR109,109,125,225,297
tortor:LOR5,13,13,17,21,21,37,37,53,57,61,73,73,81,93,101,105,109,125,125,129,141,149,149,153,153,169,173,173,177,181,193,205,217,225,229,237,245,253,265,273,281,281,293,297,313,317,317,321,329,329,329,329,345,349,357,365,381
travelling:TRY21,21,45,47
tristique:LOR1,13,37,37,45,57,61,77,77,85,89,97,97,97,101,101,105,109,125,149,149,157,169,189,201,209,217,237,237,249,257,269,273,301,309,313,333,337,341,349,349,357,369,373,373,377,377,385,397,397
tttt:ZZZ2171,2173,2175,2177,2179,2181,2183
tube:TRY11
turpis:LOR1,5,13,13,33,37,81,85,85,89,89,97,97,101,109,109,121,133,149,149,149,161,165,165,165,177,189,197,197,201,201,229,229,233,237,245,249,253,269,293,301,301,309,321,337,337,341,365,369,377,385,385
ullamcorper:LOR5,9,13,17,25,25,29,33,33,37,49,57,73,85,89,117,137,149,157,157,189,205,217,225,229,241,241,257,269,301,321,337,341,349,361,365,381
ultrices:LOR9,33,33,37,45,65,69,81,85,93,105,109,121,133,137,141,141,145,169,185,193,201,209,217,217,221,221,249,253,313,321,329,333,333,345,345,349,357,365,365,385
ultricies:LOR9,9,21,49,61,61,69,101,113,117,121,121,125,153,157,177,177,197,217,233,237,241,257,257,265,281,293,313,325,329,333,337,365,369,381,385
updates:TRY23
urna:LOR1,1,9,9,9,9,41,45,45,77,81,81,93,101,105,105,113,113,121,121,141,145,149,149,173,173,177,181,181,197,201,205,205,205,209,213,217,233,233,237,245,249,253,257,269,277,277,297,305,309,317,317,337,345,377,385,389
used:TRY13
using:TRY17,31
uuuu:ZZZ2185,2187,2189,2191,2193,2195,2197,2199
varius:LOR5,9,13,25,33,45,45,53,61,69,85,113,117,121,121,125,129,161,189,197,201,225,229,233,253,265,277,301,321,325,333,337,341,349,373,397
vehicula:LOR1,17,21,33,49,65,69,73,77,81,81,117,117,141,141,145,145,157,165,173,181,181,189,197,205,225,225,241,241,257,269,285,293,297,301,317,321,329,333,333,353,385,389
velit:LOR5,17,21,33,37,45,65,69,85,105,125,129,137,149,149,161,165,177,181,181,181,189,201,205,209,209,213,213,225,229,241,241,257,269,285,297,301,301,309,313,313,329,329,349,353,353,357,357,357,365,377,381,397
velocity:TRY13,23
venenatis:LOR5,9,25,37,65,69,69,89,109,117,129,153,193,197,201,201,209,209,249,269,281,313,317,317,345,349,373,389
very:TRY21,21,23,33
vestibulum:LOR5,21,25,37,37,37,49,49,53,57,57,61,61,69,73,77,81,85,85,93,93,109,113,129,129,129,129,129,129,137,137,141,145,149,149,153,157,157,173,213,217,221,225,229,229,229,229,233,237,237,237,245,249,249,253,257,261,265,269,277,277,281,281,285,293,293,309,313,313,317,329,333,349,357,361,365,369,369,373,377,385
vision:TRY1,29,31,41
vitae:LOR1,5,9,9,13,13,21,21,25,45,49,49,53,57,61,61,61,65,69,73,77,77,81,81,85,85,85,85,89,93,93,97,101,101,109,109,113,117,117,121,125,125,133,145,157,157,161,169,173,197,197,201,201,205,209,209,209,209,213,217,217,225,225,229,233,237,241,245,249,253,257,269,273,293,293,297,301,301,301,313,313,317,317,321,321,329,329,329,333,345,353,361,361,361,369,373,373,373,373,393,393,397,397,397,397
vivamus:LOR45,65,65,101,105,133,149,161,169,181,209,217,229,241,261,265,277,285,289,297,301,301,317,321,341,353,357,361,369
viverra:LOR5,5,17,49,65,73,93,101,105,121,121,141,141,149,153,177,177,189,197,201,225,237,237,241,245,269,273,277,277,277,281,281,281,289,289,301,309,317,317,329,333,333,341,377,393
volutpat:LOR25,29,41,65,85,93,125,137,141,145,157,165,173,173,189,201,213,237,241,241,261,285,293,301,305,309,325,329,333,357,381,385,389,397
vulputate:LOR5,41,57,57,81,81,117,161,165,177,193,217,217,217,217,217,225,229,233,237,241,245,245,249,253,281,289,293,309,313,317,321,325,333,341,353,357,381,397
vvvv:ZZZ2201,2203,2205,2207,2209,2211,2213,2215
what:TRY45
when:TRY19,21,21,45,47,57
whereas:TRY25
whether:TRY25
which:TRY33,53
will:TRY19,19,23,33,33,45,47,49,51
with:TRY9,13,55,57
would:TRY25,55
wwww:ZZZ2217,2219,2221,2223,2225,2227,2229,2231
xxxx:ZZZ2233,2235,2237,2239,2241,2243,2245,2247
yyyy:ZZZ2249,2251,2253,2255,2257,2259,2261,2263
zzzz:ZZZ2265,2267,2269,2271,2273,2275,2277
